0.001515152	0.001515152	0.001515152	0.001515152	0.001515152	0.001515152	0.001515152	0.178028707	0.122132145	0.001515152	0.035516878	0.152350437	0.076762345	0.104713976	0.034431658	0.001515152	0.042282927	0.001515152	0.141795022	0.096834389
0.002173913	0.049556486	0.053994783	0.048836354	0.049628389	0.299671903	0.054441793	0.183808397	0.002173913	0.002173913	0.002173913	0.002173913	0.002173913	0.002173913	0.002173913	0.002173913	0.002173913	0.179297333	0.056851518	0.002173913
0.002272727	0.002272727	0.002272727	0.072561314	0.002272727	0.10150311	0.002272727	0.108304298	0.002272727	0.002272727	0.002272727	0.002272727	0.395795259	0.051552964	0.002272727	0.002272727	0.002272727	0.002272727	0.238464873	0.002272727
0.047582685	0.146174369	0.000980392	0.095312099	0.000980392	0.000980392	0.000980392	0.464330939	0.000980392	0.023070653	0.000980392	0.024629212	0.161873672	0.000980392	0.000980392	0.000980392	0.000980392	0.000980392	0.025261665	0.000980392
0.001666667	0.001666667	0.092790066	0.098787604	0.001666667	0.001666667	0.001666667	0.001666667	0.001666667	0.001666667	0.001666667	0.313123155	0.353094039	0.117205136	0.001666667	0.001666667	0.001666667	0.001666667	0.001666667	0.001666667
0.001724138	0.001724138	0.190280133	0.037252956	0.001724138	0.001724138	0.001724138	0.109494759	0.001724138	0.001724138	0.001724138	0.001724138	0.001724138	0.12043204	0.001724138	0.293109383	0.142352449	0.043924177	0.042464449	0.001724138
0.002272727	0.124768635	0.002272727	0.002272727	0.002272727	0.500168485	0.002272727	0.002272727	0.002272727	0.002272727	0.002272727	0.002272727	0.160011163	0.051848719	0.002272727	0.002272728	0.129112088	0.002272727	0.002272727	0.002272727
0.001851852	0.250852757	0.001851852	0.001851852	0.001851852	0.130777768	0.001851852	0.001851852	0.159237808	0.001851852	0.001851852	0.146536552	0.044259378	0.09696627	0.001851852	0.043581551	0.06205805	0.045359495	0.001851852	0.001851852
0.073443367	0.001785714	0.049655269	0.001785714	0.001785714	0.001785714	0.195129678	0.341925909	0.001785714	0.001785714	0.001785714	0.001785714	0.228187229	0.001785714	0.001785714	0.046469565	0.001785714	0.041974698	0.001785714	0.001785714
0.072939627	0.047692058	0.095781882	0.001724138	0.001724138	0.001724138	0.247060559	0.343402139	0.001724138	0.001724138	0.001724138	0.001724138	0.168985803	0.001724138	0.001724138	0.001724138	0.001724138	0.001724138	0.001724138	0.001724138
0.078471427	0.079688749	0.001851852	0.083965705	0.001851852	0.159389382	0.144349177	0.198510301	0.001851852	0.001851852	0.001851852	0.001851852	0.001851852	0.001851852	0.15415381	0.001851852	0.001851852	0.001851852	0.079249227	0.001851852
0.001388889	0.001388889	0.001388889	0.001388889	0.001388889	0.001388889	0.001388889	0.001388889	0.001388889	0.001388889	0.001388889	0.264578656	0.358669947	0.001388889	0.001388889	0.001388889	0.001388889	0.098914929	0.03149066	0.225512475
0.002	0.094190257	0.095773443	0.002	0.002	0.002	0.039554142	0.053989839	0.002	0.167660723	0.002	0.002	0.002	0.002	0.002	0.22852267	0.002	0.052018807	0.133706887	0.112583232
0.000694444	0.000694444	0.015789539	0.000694444	0.000694444	0.036165266	0.016543493	0.093660798	0.000694444	0.000694444	0.611097897	0.139091853	0.014918558	0.000694444	0.000694444	0.031547263	0.000694444	0.014761773	0.000694444	0.019479115
0.002272727	0.002272727	0.002272727	0.002272727	0.057465701	0.002272727	0.002272727	0.257274242	0.002272727	0.002272727	0.002272727	0.079832001	0.002272727	0.002272727	0.002272727	0.468831215	0.102505932	0.002272727	0.002272727	0.002272727
0.034105777	0.0015625	0.124126289	0.0015625	0.0015625	0.0015625	0.106803721	0.231231981	0.033274524	0.0015625	0.0015625	0.0015625	0.036571431	0.0015625	0.0015625	0.0015625	0.0015625	0.137857458	0.277278819	0.0015625
0.002	0.002	0.002	0.002	0.002	0.08823604	0.157694579	0.002	0.002	0.048299452	0.002	0.002	0.05184858	0.121909537	0.002	0.002	0.002	0.002	0.002	0.504011812
0.0015625	0.0015625	0.0015625	0.0015625	0.0015625	0.144147562	0.132575982	0.0015625	0.0015625	0.041201465	0.0015625	0.112988583	0.0015625	0.0015625	0.0015625	0.0015625	0.0015625	0.0015625	0.0015625	0.545648908
0.0015625	0.0015625	0.0015625	0.0015625	0.0015625	0.149116261	0.13204049	0.0015625	0.0015625	0.041603385	0.0015625	0.097935754	0.0015625	0.0015625	0.0015625	0.0015625	0.0015625	0.0015625	0.0015625	0.55586661
0.0025	0.0025	0.138507132	0.098596336	0.0025	0.0025	0.0025	0.0025	0.0025	0.0025	0.0025	0.0025	0.0025	0.0025	0.0025	0.161204151	0.0025	0.0025	0.56169238	0.0025
0.001785714	0.057605575	0.001785714	0.080027113	0.001785714	0.001785714	0.144222302	0.001785714	0.001785714	0.081564587	0.001785714	0.001785714	0.088068783	0.001785714	0.001785714	0.289242396	0.001785714	0.001785714	0.001785714	0.236054958
0.002272727	0.002272727	0.002272727	0.191818185	0.002272727	0.053567952	0.002272727	0.075048278	0.002272727	0.127517782	0.002272727	0.002272727	0.055986916	0.404109597	0.002272727	0.002272727	0.002272727	0.002272727	0.002272727	0.062405834
0.074202589	0.003333333	0.100376446	0.003333333	0.003333333	0.003333333	0.170540267	0.003333333	0.003333333	0.003333333	0.134323948	0.003333333	0.003333333	0.003333333	0.003333333	0.003333333	0.003333333	0.003333333	0.47055675	0.003333333
0.069036371	0.001612903	0.001612903	0.068618304	0.001612903	0.038558717	0.116724399	0.001612903	0.001612903	0.035088418	0.001612903	0.496068432	0.038711842	0.076441431	0.001612903	0.001612903	0.04301015	0.001612903	0.001612903	0.001612903
0.001724138	0.001724138	0.001724138	0.001724138	0.001724138	0.038688714	0.1140682	0.001724138	0.074493574	0.087757171	0.001724138	0.2887916	0.001724138	0.085980099	0.081002814	0.001724138	0.208528172	0.001724138	0.001724138	0.001724138
0.001282051	0.036242671	0.043235533	0.001282051	0.072284233	0.001282051	0.090561556	0.001282051	0.042963754	0.001282051	0.001282051	0.001282051	0.001282051	0.055534725	0.001282051	0.266902309	0.347982469	0.001282051	0.001282051	0.030190184
0.00125	0.202945979	0.00125	0.111837867	0.00125	0.00125	0.00125	0.056252887	0.052223682	0.032393652	0.00125	0.320783924	0.00125	0.03351173	0.00125	0.00125	0.00125	0.062439417	0.113860863	0.00125
0.001785714	0.212059572	0.001785714	0.150590986	0.001785714	0.001785714	0.001785714	0.001785714	0.001785714	0.001785714	0.001785714	0.436951886	0.001785714	0.072463764	0.001785714	0.001785714	0.001785714	0.001785714	0.101148078	0.001785714
0.001515152	0.001515152	0.001515152	0.001515152	0.001515152	0.122999384	0.101508465	0.128614384	0.001515152	0.063952362	0.001515152	0.001515152	0.001515152	0.001515152	0.001515152	0.111429842	0.276087827	0.097013796	0.080212121	0.001515152
0.001851852	0.001851852	0.324867863	0.128800499	0.001851852	0.001851852	0.001851852	0.001851852	0.137640289	0.086251355	0.001851852	0.001851852	0.064724861	0.001851852	0.001851852	0.001851852	0.001851852	0.001851852	0.19076132	0.04287974
0.188569111	0.001428571	0.001428571	0.001428571	0.001428571	0.001428571	0.001428571	0.001428571	0.030892071	0.03351413	0.001428571	0.724167546	0.001428571	0.001428571	0.001428571	0.001428571	0.001428571	0.001428571	0.001428571	0.001428571
0.001923077	0.001923077	0.001923077	0.120004285	0.001923077	0.001923077	0.050832151	0.001923077	0.001923077	0.001923077	0.001923077	0.482988893	0.001923077	0.001923077	0.001923077	0.001923077	0.001923077	0.046655858	0.270672659	0.001923077
0.000625	0.03905879	0.028245388	0.000625	0.000625	0.027246089	0.017573514	0.073156019	0.000625	0.013849801	0.565417967	0.092937743	0.013459	0.018529928	0.000625	0.104900762	0.000625	0.000625	0.000625	0.000625
0.0015625	0.0015625	0.0015625	0.0015625	0.0015625	0.0015625	0.045091557	0.03695464	0.0015625	0.0015625	0.0015625	0.0015625	0.0015625	0.516823165	0.0015625	0.137679347	0.0015625	0.0015625	0.104787745	0.136788547
0.283763721	0.001851852	0.001851852	0.190686994	0.001851852	0.001851852	0.290641864	0.043799642	0.001851852	0.122022769	0.001851852	0.001851852	0.001851852	0.043159083	0.001851852	0.001851852	0.001851852	0.001851852	0.001851852	0.001851852
0.001785714	0.174270585	0.001785714	0.001785714	0.001785714	0.03957116	0.47199607	0.001785714	0.038191145	0.042474458	0.001785714	0.001785714	0.078239191	0.040310499	0.001785714	0.001785714	0.001785714	0.050839246	0.04446479	0.001785714
0.112126018	0.001428571	0.001428571	0.001428571	0.001428571	0.062022655	0.211827137	0.001428571	0.001428571	0.03550027	0.032816285	0.042854265	0.001428571	0.083348846	0.001428571	0.052869236	0.215310168	0.035243376	0.001428571	0.103224602
0.001785714	0.290682619	0.001785714	0.043642627	0.001785714	0.001785714	0.001785714	0.189696847	0.001785714	0.001785714	0.001785714	0.001785714	0.001785714	0.044918296	0.044062062	0.001785714	0.098254349	0.17762082	0.001785714	0.089693809
0.001515152	0.033287948	0.001515152	0.062963205	0.001515152	0.001515152	0.122624437	0.081108963	0.001515152	0.001515152	0.001515152	0.153799007	0.001515152	0.075124175	0.035515851	0.066753067	0.001515152	0.001515152	0.256991064	0.096680767
0.002941176	0.002941176	0.002941176	0.046638446	0.002941176	0.002941177	0.138157976	0.214878577	0.002941176	0.002941176	0.002941176	0.002941176	0.130835145	0.002941176	0.002941176	0.132064465	0.002941176	0.089893086	0.002941177	0.209297012
0.001785714	0.001785714	0.001785714	0.001785714	0.158612608	0.001785714	0.001785714	0.001785714	0.001785714	0.001785714	0.001785714	0.083464083	0.046476469	0.394613774	0.001785714	0.038526219	0.001785714	0.253306847	0.001785714	0.001785714
0.001785714	0.001785714	0.11173201	0.07932696	0.001785714	0.001785714	0.043145833	0.001785714	0.001785714	0.052149324	0.001785714	0.171286853	0.001785714	0.204871486	0.114213695	0.001785714	0.092014715	0.111616267	0.001785714	0.001785714
0.152664526	0.002083333	0.002083333	0.002083333	0.002083333	0.002083333	0.051251267	0.002083333	0.002083333	0.002083333	0.002083333	0.103032422	0.002083333	0.211138181	0.002083333	0.002083333	0.253928674	0.198818263	0.002083333	0.002083333
0.103649609	0.136484364	0.002380952	0.002380952	0.002380952	0.16674609	0.002380952	0.126387586	0.053066307	0.171152241	0.052205662	0.002380952	0.002380952	0.002380952	0.002380952	0.050175704	0.113941961	0.002380952	0.002380952	0.002380952
0.002173913	0.002173913	0.095323002	0.047018039	0.002173913	0.049035439	0.002173913	0.002173913	0.002173913	0.394315249	0.002173913	0.002173913	0.002173913	0.002173913	0.055028744	0.095168593	0.002173913	0.002173913	0.235850065	0.002173913
0.001190476	0.001190476	0.223425237	0.001190476	0.001190476	0.026655523	0.001190476	0.001190476	0.027291226	0.383670204	0.001190476	0.001190476	0.001190476	0.001190476	0.001190476	0.042115632	0.036561676	0.03261638	0.148993066	0.065575818
0.001666667	0.001666667	0.112609586	0.001666667	0.118134301	0.104646496	0.001666667	0.200224543	0.001666667	0.221155218	0.001666667	0.001666667	0.001666667	0.219896523	0.001666667	0.001666667	0.001666667	0.001666667	0.001666667	0.001666667
0.031124868	0.121664673	0.001428571	0.001428571	0.061605524	0.001428572	0.17115519	0.001428571	0.001428571	0.001428571	0.001428571	0.056013586	0.001428571	0.119607252	0.001428571	0.040325262	0.001428571	0.039388297	0.273380471	0.071449163
0.003333333	0.087526913	0.003333333	0.003333333	0.003333333	0.003333333	0.003333333	0.262580833	0.003333333	0.089379002	0.003333333	0.003333333	0.33881535	0.003333333	0.171697901	0.003333333	0.003333333	0.003333333	0.003333333	0.003333333
0.069180806	0.072643845	0.001785714	0.001785714	0.001785714	0.001785714	0.001785714	0.001785714	0.001785714	0.115765782	0.001785714	0.246199944	0.001785714	0.001785714	0.31930382	0.045244843	0.001785714	0.108446673	0.001785714	0.001785714
0.003333333	0.003333333	0.003333333	0.003333333	0.003333333	0.003333333	0.003333333	0.218597457	0.003333333	0.003333334	0.003333333	0.079893086	0.003333333	0.003333333	0.003333333	0.003333333	0.29606728	0.131659285	0.223782891	0.003333333
0.002380952	0.002380952	0.002380952	0.107313634	0.175160543	0.056380018	0.08935332	0.184460519	0.063379136	0.174897232	0.002380952	0.002380952	0.061271797	0.002380952	0.002380952	0.002380952	0.002380952	0.002380952	0.002380952	0.061593324
0.001724138	0.001724138	0.689717651	0.037010491	0.001724138	0.042194408	0.001724138	0.001724138	0.001724138	0.001724138	0.001724138	0.001724138	0.001724138	0.001724138	0.001724138	0.069499815	0.135715565	0.001724138	0.001724138	0.001724138
0.198630147	0.0015625	0.440739108	0.0015625	0.0015625	0.049062816	0.121023256	0.08627368	0.034522453	0.0015625	0.0015625	0.0015625	0.0015625	0.0015625	0.0015625	0.0015625	0.0015625	0.04943604	0.0015625	0.0015625
0.159459333	0.001666667	0.387864871	0.001666667	0.001666667	0.001666667	0.001666667	0.001666667	0.001666667	0.001666667	0.001666667	0.001666667	0.001666667	0.085499438	0.001666667	0.001666667	0.001666667	0.226473485	0.115702872	0.001666667
0.001923077	0.001923077	0.18992797	0.080892751	0.048271017	0.293318062	0.181380255	0.07064476	0.001923077	0.001923077	0.068866889	0.001923077	0.001923077	0.001923077	0.001923077	0.001923077	0.001923077	0.001923077	0.001923077	0.043621372
0.001612903	0.001612903	0.001612903	0.071146727	0.063798996	0.001612903	0.036437557	0.138371372	0.039322827	0.138105918	0.001612903	0.001612903	0.001612903	0.106094385	0.001612903	0.338191756	0.001612903	0.001612903	0.050788527	0.001612903
0.001315789	0.001315789	0.112555705	0.001315789	0.001315789	0.028905755	0.063008273	0.127398265	0.033040838	0.138711724	0.001315789	0.069143009	0.001315789	0.293009747	0.001315789	0.001315789	0.001315789	0.001315789	0.001315789	0.119752999
0.134598607	0.001388889	0.001388889	0.109903725	0.001388889	0.057838131	0.001388889	0.260711812	0.122517623	0.030686901	0.001388889	0.173379776	0.001388889	0.001388889	0.001388889	0.031736365	0.001388889	0.001388889	0.063349283	0.001388889
0.001612903	0.001612903	0.535034088	0.001612903	0.001612903	0.001612903	0.001612903	0.066030098	0.001612903	0.001612903	0.001612903	0.001612903	0.001612903	0.001612903	0.11246882	0.069524843	0.001612903	0.192748602	0.001612903	0.001612903
0.085835363	0.001351351	0.206443434	0.001351351	0.001351351	0.036490951	0.244456777	0.050637381	0.001351351	0.001351351	0.001351351	0.001351351	0.001351351	0.001351351	0.116032114	0.001351351	0.001351351	0.212809709	0.001351351	0.031078055
0.337136446	0.003333333	0.003333333	0.108971167	0.132668277	0.003333333	0.003333333	0.003333333	0.003333333	0.003333333	0.003333333	0.198126139	0.003333333	0.003333333	0.003333333	0.17309797	0.003333333	0.003333333	0.003333333	0.003333333
0.001785714	0.173642824	0.001785714	0.001785714	0.001785714	0.001785714	0.059489988	0.001785714	0.039601755	0.001785714	0.001785714	0.098029311	0.047324519	0.001785714	0.001785714	0.418534874	0.001785714	0.001785714	0.140162444	0.001785714
0.04024469	0.001851852	0.001851852	0.001851852	0.081616566	0.001851852	0.204760847	0.079218546	0.041695124	0.001851852	0.128449177	0.053711508	0.160733439	0.001851852	0.049831904	0.141219679	0.001851852	0.001851852	0.001851852	0.001851852
0.001612903	0.001612903	0.072440392	0.001612903	0.001612903	0.116425031	0.20584148	0.101289079	0.066498464	0.001612903	0.001612903	0.001612903	0.001612903	0.072255108	0.001612903	0.033921129	0.035771149	0.145354994	0.001612903	0.134074143
0.001351351	0.001351351	0.001351351	0.001351351	0.001351351	0.001351351	0.001351351	0.249075679	0.028842993	0.245930211	0.001351351	0.001351351	0.080119357	0.001351351	0.001351351	0.223310341	0.001351351	0.001351351	0.107658616	0.047495235
0.001612903	0.001612903	0.001612903	0.112606865	0.001612903	0.109985339	0.001612903	0.334066095	0.207870371	0.001612903	0.001612903	0.001612903	0.075330956	0.001612903	0.001612903	0.001612903	0.001612903	0.001612903	0.001612903	0.137559729
0.067609513	0.274616948	0.001428571	0.1279198	0.035574164	0.032068007	0.09431152	0.138911513	0.001428571	0.001428571	0.001428571	0.001428571	0.001428571	0.067756509	0.001428571	0.001428571	0.115335361	0.001428571	0.001428571	0.031610951
0.001612903	0.001612903	0.418515545	0.001612903	0.137165702	0.065427459	0.076714964	0.001612903	0.138820384	0.001612903	0.001612903	0.001612903	0.001612903	0.001612903	0.001612903	0.001612903	0.001612903	0.001612903	0.001612903	0.140775302
0.088848194	0.001470588	0.001470588	0.001470588	0.001470588	0.001470588	0.001470588	0.313335777	0.102682223	0.046799917	0.127296022	0.001470588	0.001470588	0.001470588	0.001470588	0.001470588	0.001470588	0.061405148	0.240515071	0.001470588
0.001020408	0.001020408	0.001020408	0.001020408	0.001020408	0.001020408	0.001020408	0.023775304	0.001020408	0.087436365	0.001020408	0.001020408	0.104925289	0.459273121	0.001020408	0.001020408	0.117602237	0.001020408	0.192701969	0.001020408
0.126802014	0.001388889	0.105894616	0.03887033	0.001388889	0.001388889	0.158189917	0.001388889	0.030313728	0.001388889	0.001388889	0.123275884	0.001388889	0.001388889	0.001388889	0.340332123	0.001388889	0.001388889	0.001388889	0.059654721
0.002173913	0.002173913	0.002173913	0.002173913	0.002173913	0.002173913	0.355915404	0.054167801	0.002173913	0.104569929	0.060766916	0.002173913	0.176675528	0.002173913	0.002173913	0.002173913	0.002173913	0.103640626	0.002173913	0.116002926
0.001515152	0.001515152	0.001515152	0.080223599	0.001515152	0.148856535	0.001515152	0.001515152	0.065861191	0.001515152	0.001515152	0.108234739	0.001515152	0.001515152	0.001515152	0.491733586	0.049034331	0.036359048	0.001515152	0.001515152
0.369866024	0.002083333	0.045551822	0.002083333	0.002083333	0.056405817	0.092022827	0.002083333	0.002083333	0.002083333	0.100137675	0.002083333	0.107640268	0.002083333	0.002083333	0.201292233	0.002083333	0.002083333	0.002083333	0.002083333
0.001315789	0.001315789	0.117209648	0.043281493	0.001315789	0.001315789	0.215790431	0.169156185	0.001315789	0.001315789	0.059696884	0.001315789	0.001315789	0.001315789	0.119127265	0.094068702	0.001315789	0.065548551	0.001315789	0.101647158
0.001428571	0.001428571	0.057912265	0.040145231	0.071046619	0.001428571	0.158911116	0.314128108	0.001428571	0.001428571	0.001428571	0.001428571	0.001428571	0.07937487	0.001428572	0.032998622	0.001428571	0.03565103	0.038567769	0.156978654
0.002631579	0.002631579	0.089226698	0.002631579	0.068790527	0.002631579	0.002631579	0.002631579	0.002631579	0.002631579	0.002631579	0.002631579	0.002631579	0.002631579	0.481809297	0.150725377	0.002631579	0.128803419	0.043802577	0.002631579
0.030220055	0.001219512	0.285446702	0.086408649	0.043240831	0.001219512	0.001219512	0.001219512	0.072405585	0.001219512	0.033854442	0.12920756	0.001219512	0.001219512	0.229351245	0.001219512	0.001219512	0.001219512	0.001219512	0.076450297
0.002173913	0.002173913	0.002173913	0.002173913	0.002173913	0.002173913	0.002173913	0.472496776	0.002173913	0.002173913	0.002173913	0.177379514	0.002173913	0.002173913	0.046836949	0.268504152	0.002173913	0.002173913	0.002173913	0.002173913
0.002173913	0.002173913	0.002173913	0.002173913	0.002173913	0.002173913	0.002173913	0.002173913	0.097517867	0.002173913	0.002173913	0.002173913	0.002173913	0.002173913	0.002173913	0.305318869	0.002173913	0.321966779	0.171115908	0.071471881
0.002380952	0.002380952	0.059147164	0.002380952	0.002380952	0.002380952	0.002380952	0.055421885	0.002380952	0.197760701	0.002380952	0.056516158	0.002380952	0.055944878	0.171538454	0.002380952	0.002380952	0.002380952	0.372718379	0.002380952
0.001282051	0.001282051	0.072411393	0.001282051	0.001282051	0.064393578	0.160405993	0.001282051	0.001282051	0.083437416	0.001282051	0.067357273	0.031749929	0.001282051	0.001282051	0.22362992	0.05127334	0.116143742	0.079059084	0.038599868
0.002	0.094138721	0.094005148	0.002	0.002	0.002	0.002	0.05024036	0.100567962	0.002	0.002	0.44240201	0.002	0.002	0.046889035	0.002	0.002	0.047126296	0.100630467	0.002
0.001282051	0.001282051	0.075228119	0.001282051	0.001282051	0.087643143	0.044698572	0.001282051	0.001282051	0.030605139	0.034877598	0.001282051	0.001282051	0.366885433	0.001282051	0.142397008	0.079371929	0.001282051	0.124190496	0.001282051
0.153766278	0.001111111	0.444611882	0.001111111	0.001111111	0.001111111	0.029250722	0.001111111	0.001111111	0.078161732	0.001111111	0.001111111	0.001111111	0.001111111	0.001111111	0.134717811	0.110418392	0.034628737	0.001111111	0.001111111
0.001282051	0.048030341	0.001282051	0.001282051	0.001282051	0.05755508	0.280140143	0.106756382	0.084541298	0.001282051	0.001282051	0.001282051	0.060529507	0.001282051	0.001282051	0.001282051	0.001282051	0.001282051	0.059156648	0.287905986
0.001282051	0.077801651	0.038121597	0.079951234	0.001282051	0.001282051	0.108985889	0.001282051	0.027708019	0.001282051	0.001282051	0.110619966	0.001282051	0.001282051	0.001282051	0.027900913	0.001282051	0.058852385	0.001282051	0.455955782
0.001515152	0.001515152	0.001515152	0.001515152	0.001515152	0.127477666	0.332048509	0.072759388	0.101741232	0.084167281	0.001515152	0.001515152	0.001515152	0.001515152	0.221534827	0.001515152	0.001515152	0.001515152	0.001515152	0.040574126
0.001666667	0.001666667	0.001666667	0.036084049	0.001666667	0.001666667	0.001666667	0.108082287	0.037036475	0.001666667	0.001666667	0.545688054	0.001666667	0.001666667	0.036708481	0.001666667	0.117884904	0.001666667	0.001666667	0.096849083
0.14837595	0.102683607	0.117032138	0.058016202	0.033651373	0.001388889	0.105564053	0.213866528	0.042893521	0.001388889	0.001388889	0.001388889	0.091591118	0.001388889	0.001388889	0.001388889	0.001388889	0.072436621	0.001388889	0.001388889
0.001666667	0.197914617	0.001666667	0.001666667	0.001666667	0.001666667	0.05291749	0.001666667	0.001666667	0.109696681	0.001666667	0.001666667	0.001666667	0.001666667	0.001666667	0.423524269	0.001666667	0.001666667	0.150598743	0.042014866
0.00125	0.00125	0.08903527	0.028055793	0.031425636	0.055930336	0.485520219	0.03729737	0.229639024	0.00125	0.00125	0.00125	0.00125	0.00125	0.00125	0.028096352	0.00125	0.00125	0.00125	0.00125
0.001612903	0.074692201	0.001612903	0.069906219	0.001612903	0.001612903	0.193803534	0.069061537	0.034115049	0.001612903	0.001612903	0.001612903	0.001612903	0.001612903	0.001612903	0.037595881	0.148749837	0.001612903	0.306210023	0.048123783
0.239744465	0.137435504	0.001724138	0.001724138	0.001724138	0.001724138	0.074699111	0.120030401	0.038726667	0.001724138	0.001724138	0.001724138	0.001724138	0.001724138	0.001724138	0.175727462	0.099671715	0.001724138	0.001724138	0.09327502
0.002173913	0.117170102	0.002173913	0.002173913	0.002173913	0.063586136	0.053777241	0.002173913	0.050295841	0.002173913	0.002173913	0.582419989	0.002173913	0.002173913	0.002173913	0.002173913	0.052437577	0.002173913	0.002173913	0.052052244
0.051502801	0.185544438	0.001136364	0.082033303	0.027854893	0.001136364	0.103873244	0.164998739	0.001136364	0.025362849	0.001136364	0.001136364	0.074757294	0.001136364	0.149955861	0.025361988	0.001136364	0.001136364	0.098527317	0.001136364
0.0025	0.0025	0.079558803	0.088659244	0.0025	0.0025	0.385466626	0.105126206	0.0025	0.0025	0.0025	0.0025	0.30368912	0.0025	0.0025	0.0025	0.0025	0.0025	0.0025	0.0025
0.06287792	0.001515152	0.001515152	0.001515152	0.001515152	0.001515152	0.140708939	0.001515152	0.094925307	0.001515152	0.001515152	0.001515152	0.07454878	0.247666642	0.13832485	0.065528478	0.055190109	0.035717938	0.001515152	0.069359521
0.087168662	0.060262412	0.035854551	0.091631789	0.001315789	0.094767235	0.292136028	0.00131579	0.001315789	0.001315789	0.001315789	0.032890622	0.00131579	0.00131579	0.001315789	0.001315789	0.289499227	0.001315789	0.00131579	0.001315789
0.003125	0.003125	0.003125	0.003125	0.003125	0.003125	0.372639819	0.083055739	0.003125	0.003125	0.003125	0.003125	0.003125	0.283785075	0.003125	0.003125	0.003125	0.003125	0.210519366	0.003125
0.07240322	0.077030218	0.143744044	0.001470588	0.001470588	0.001470588	0.001470588	0.001470588	0.098597543	0.001470588	0.001470588	0.040675382	0.001470588	0.001470588	0.001470588	0.126692539	0.281603521	0.001470588	0.001470588	0.141606474
0.004166667	0.004166667	0.004166667	0.004166667	0.004166667	0.004166667	0.307933421	0.217055476	0.004166667	0.004166667	0.09927081	0.004166667	0.004166667	0.004166667	0.004166667	0.004166667	0.004166667	0.004166667	0.309073627	0.004166667
0.001315789	0.183409319	0.034886914	0.039788337	0.001315789	0.001315789	0.00131579	0.031249259	0.001315789	0.208641987	0.00131579	0.12999994	0.001315789	0.070800498	0.034405242	0.00131579	0.146846342	0.001315789	0.001315789	0.106814267
0.002380952	0.002380952	0.002380952	0.052382012	0.002380952	0.051731829	0.002380952	0.002380952	0.002380952	0.15649416	0.002380952	0.002380952	0.002380952	0.134358625	0.002380952	0.406260277	0.002380952	0.002380952	0.052889733	0.114930982
0.1346934	0.037553969	0.11064477	0.0015625	0.0015625	0.034184972	0.116409902	0.14589694	0.038343869	0.0015625	0.0015625	0.111153868	0.0015625	0.0015625	0.0015625	0.0015625	0.0015625	0.25393081	0.0015625	0.0015625
0.064562309	0.031893047	0.071882945	0.141139568	0.001351351	0.286794625	0.001351351	0.035053104	0.001351351	0.001351351	0.001351351	0.091684346	0.001351351	0.001351351	0.001351351	0.001351351	0.001351351	0.225446864	0.001351351	0.036678326
0.00125	0.053652135	0.054733399	0.00125	0.00125	0.078163177	0.38196631	0.00125	0.00125	0.027055833	0.00125	0.050319924	0.136598135	0.00125	0.00125	0.168488341	0.00125	0.035272746	0.00125	0.00125
0.001923077	0.001923077	0.001923077	0.001923077	0.001923077	0.001923077	0.244751623	0.001923077	0.001923077	0.122564302	0.001923077	0.136069592	0.001923077	0.001923077	0.001923077	0.331315503	0.001923077	0.136452826	0.001923077	0.001923077
0.002173913	0.002173913	0.139003192	0.002173913	0.002173913	0.002173913	0.048660865	0.002173913	0.050762359	0.002173913	0.002173913	0.076507861	0.002173913	0.051274752	0.091310069	0.383787279	0.002173913	0.002173913	0.132606666	0.002173913
0.037117203	0.0015625	0.0015625	0.0015625	0.0015625	0.0015625	0.161133976	0.0015625	0.034633835	0.0015625	0.0015625	0.264495725	0.0015625	0.0015625	0.0015625	0.150303193	0.330441068	0.0015625	0.0015625	0.0015625
0.072255032	0.001666667	0.222674944	0.001666667	0.001666667	0.143122788	0.099276191	0.258897048	0.001666667	0.001666667	0.001666667	0.001666667	0.036330445	0.001666667	0.030427681	0.041937415	0.076745123	0.001666667	0.001666667	0.001666667
0.032911129	0.10764126	0.079279774	0.032200945	0.001515152	0.126260924	0.001515152	0.001515152	0.057877118	0.034027501	0.001515152	0.001515152	0.001515152	0.001515152	0.284823571	0.072961269	0.035900457	0.001515152	0.12247969	0.001515152
0.100565302	0.001351351	0.001351351	0.087704573	0.001351351	0.001351351	0.001351351	0.001351351	0.001351351	0.001351351	0.001351351	0.514346242	0.001351351	0.001351351	0.001351351	0.001351351	0.237070133	0.001351351	0.001351351	0.040043479
0.0845398	0.002	0.002	0.002	0.002	0.002	0.002	0.002	0.002	0.184489063	0.002	0.002	0.002	0.002	0.002	0.28311943	0.415851706	0.002	0.002	0.002
0.245935637	0.002777778	0.075418129	0.102775079	0.002777778	0.002777778	0.136659747	0.002777778	0.06744611	0.002777778	0.002777778	0.002777778	0.069016124	0.08926192	0.002777778	0.002777778	0.18015392	0.002777778	0.002777778	0.002777778
0.0015625	0.0015625	0.0015625	0.0015625	0.0015625	0.0015625	0.0015625	0.115261484	0.0015625	0.0015625	0.0015625	0.164437843	0.267315916	0.112223021	0.0015625	0.22692483	0.041822139	0.051702267	0.0015625	0.0015625
0.055811771	0.044975642	0.001923077	0.001923077	0.001923077	0.044829335	0.040638837	0.001923077	0.001923077	0.084620762	0.001923077	0.248902133	0.001923077	0.171780079	0.089998598	0.001923077	0.001923077	0.001923077	0.136551819	0.062660256
0.001	0.496333358	0.001	0.001	0.001	0.001	0.001	0.001	0.087189723	0.001	0.001	0.189913078	0.001	0.115925841	0.001	0.001	0.001	0.095638	0.001	0.001
0.002380952	0.002380952	0.002380952	0.002380952	0.002380952	0.002380952	0.319918017	0.365053181	0.002380952	0.002380952	0.002380952	0.002380952	0.002380952	0.002380952	0.002380952	0.002380952	0.002380952	0.002380952	0.108625755	0.168307807
0.095622857	0.001111111	0.001111111	0.001111111	0.001111111	0.001111111	0.037469092	0.063143733	0.001111111	0.034035449	0.001111111	0.001111111	0.001111111	0.338240641	0.001111111	0.2501353	0.001111111	0.001111111	0.166908485	0.001111111
0.086622355	0.001851852	0.001851852	0.001851852	0.001851852	0.116140662	0.001851852	0.001851852	0.001851852	0.122131216	0.001851852	0.001851852	0.001851852	0.095769087	0.001851852	0.092493787	0.001851852	0.242403224	0.138369033	0.083848414
0.208794283	0.001515152	0.192818796	0.201234194	0.001515152	0.001515152	0.001515152	0.001515152	0.001515152	0.001515152	0.001515152	0.001515152	0.001515152	0.03574442	0.001515152	0.247589806	0.09260638	0.001515152	0.001515152	0.001515152
0.051410516	0.002272727	0.002272727	0.002272727	0.002272727	0.156700991	0.002272727	0.053140029	0.002272727	0.333570886	0.002272727	0.002272727	0.002272727	0.002272727	0.002272727	0.002272727	0.138777627	0.059992572	0.002272727	0.176861925
0.001315789	0.001315789	0.001315789	0.086259796	0.001315789	0.001315789	0.001315789	0.001315789	0.028577985	0.001315789	0.052874152	0.001315789	0.146083872	0.001315789	0.001315789	0.600399918	0.001315789	0.037139693	0.001315789	0.031559321
0.101212434	0.002173913	0.002173913	0.078550062	0.002173913	0.002173913	0.355853544	0.002173913	0.002173913	0.002173913	0.002173913	0.11905834	0.002173913	0.002173913	0.002173913	0.002173913	0.10275327	0.002173913	0.002173913	0.212137568
0.091154311	0.002083333	0.002083333	0.099664683	0.002083333	0.002083333	0.002083333	0.002083333	0.053578716	0.002083333	0.108302126	0.147999563	0.002083333	0.081647993	0.002083333	0.300688508	0.002083333	0.04813271	0.045914723	0.002083333
0.001470588	0.081662343	0.001470588	0.049967091	0.001470588	0.076667791	0.168011517	0.357088148	0.001470588	0.001470588	0.033515934	0.001470588	0.071437073	0.001470588	0.001470588	0.001470588	0.001470588	0.001470588	0.10307175	0.042401883
0.002380952	0.002380952	0.002380952	0.052512195	0.002380952	0.002380952	0.002380952	0.120076343	0.205044753	0.06346577	0.002380952	0.116149968	0.002380952	0.002380952	0.113348738	0.298449852	0.002380952	0.002380952	0.002380952	0.002380952
0.001923077	0.141294619	0.137513914	0.25972445	0.001923077	0.001923077	0.066842395	0.001923077	0.001923077	0.001923077	0.001923077	0.001923077	0.274085092	0.001923077	0.001923077	0.049599055	0.001923077	0.045940475	0.001923077	0.001923077
0.002272727	0.277404209	0.002272727	0.062572223	0.069189836	0.002272727	0.002272727	0.247043476	0.074731677	0.002272727	0.002272727	0.002272727	0.002272727	0.002272727	0.002272727	0.002272727	0.002272727	0.002272727	0.002272727	0.237240398
0.04397932	0.001724138	0.194814738	0.093401363	0.001724138	0.057629513	0.001724138	0.106999663	0.141753416	0.001724138	0.001724138	0.135604496	0.001724138	0.001724138	0.001724138	0.04178681	0.001724138	0.001724138	0.165065162	0.001724138
0.071745445	0.101683362	0.000925926	0.000925926	0.000925926	0.000925926	0.104530573	0.021015145	0.020245418	0.020324188	0.000925926	0.000925926	0.075511591	0.000925926	0.000925926	0.000925926	0.403408019	0.000925926	0.087782209	0.08449479
0.120082075	0.002941176	0.002941176	0.002941176	0.074665619	0.002941176	0.002941177	0.083048704	0.142015002	0.002941176	0.002941176	0.12127823	0.002941176	0.002941177	0.002941176	0.417733898	0.002941177	0.002941176	0.002941176	0.002941177
0.001785714	0.001785714	0.08590803	0.110556746	0.038049162	0.001785714	0.001785714	0.001785714	0.085329457	0.085894474	0.001785714	0.001785714	0.001785714	0.109939376	0.001785714	0.367524967	0.001785714	0.001785714	0.001785714	0.095369216
0.050249767	0.051968307	0.002272727	0.098949684	0.002272727	0.002272727	0.002272727	0.050455652	0.108872546	0.002272727	0.002272727	0.379768497	0.056364037	0.052542424	0.002272727	0.125829088	0.002272727	0.002272727	0.002272727	0.002272727
0.00106383	0.053140792	0.00106383	0.00106383	0.00106383	0.00106383	0.58927722	0.00106383	0.022588739	0.00106383	0.00106383	0.00106383	0.103188862	0.193325746	0.00106383	0.00106383	0.00106383	0.023585025	0.00106383	0.00106383
0.02581632	0.025664097	0.07849933	0.001136364	0.04571462	0.001136364	0.184271485	0.001136364	0.049813693	0.17958505	0.02588916	0.001136364	0.060008823	0.001136364	0.001136364	0.001136364	0.001136364	0.160243549	0.154266602	0.001136364
0.001111111	0.026948292	0.152110726	0.019923731	0.001111111	0.001111111	0.001111111	0.03826688	0.001111111	0.001111111	0.001111111	0.320842695	0.026951411	0.207057659	0.001111111	0.073835694	0.121840689	0.001111111	0.001111111	0.001111111
0.001428571	0.288454084	0.001428571	0.001428571	0.073432082	0.095573834	0.001428571	0.001428571	0.001428571	0.062184991	0.001428571	0.245562022	0.001428571	0.001428571	0.033183536	0.147637718	0.001428571	0.036828876	0.001428571	0.001428571
0.001851852	0.001851852	0.001851852	0.031557661	0.001851852	0.044094447	0.001851852	0.001851852	0.087602997	0.08801228	0.001851852	0.339445369	0.001851852	0.001851852	0.098338216	0.062076676	0.001851852	0.053989701	0.174512282	0.001851852
0.001923077	0.001923077	0.051490557	0.04193574	0.001923077	0.224226523	0.001923077	0.179276593	0.001923077	0.055161811	0.081844522	0.001923077	0.001923077	0.051761965	0.247627806	0.001923077	0.001923077	0.001923077	0.045520637	0.001923077
0.086293903	0.001190476	0.051668369	0.184880956	0.001190476	0.086228202	0.001190476	0.107002387	0.031075357	0.001190476	0.001190476	0.001190476	0.001190476	0.293829151	0.055151944	0.090774493	0.001190476	0.001190476	0.001190476	0.001190476
0.001515152	0.248049683	0.001515152	0.034355488	0.001515152	0.052051304	0.048924708	0.094531899	0.001515152	0.001515152	0.040035506	0.051029364	0.001515152	0.001515152	0.128298292	0.223259368	0.001515152	0.001515152	0.064312871	0.001515152
0.002380952	0.002380952	0.002380952	0.002380952	0.002380952	0.180535137	0.002380952	0.118068482	0.243877835	0.002380952	0.002380952	0.368509383	0.002380952	0.002380952	0.002380952	0.002380952	0.002380952	0.002380952	0.002380952	0.053294877
0.001851852	0.001851852	0.001851852	0.001851852	0.001851852	0.001851852	0.096480604	0.483477858	0.001851852	0.179483451	0.001851852	0.001851852	0.001851852	0.001851852	0.083045063	0.001851852	0.089923549	0.001851852	0.001851852	0.041663548
0.002173913	0.002173913	0.002173913	0.002173913	0.002173913	0.002173913	0.202991253	0.408466897	0.002173913	0.002173913	0.002173913	0.002173913	0.002173913	0.002173913	0.002173913	0.158753126	0.002173913	0.050114738	0.002173913	0.14706529
0.069466311	0.002941177	0.002941176	0.002941177	0.002941177	0.002941176	0.20762607	0.672907619	0.002941176	0.002941176	0.002941177	0.002941176	0.002941176	0.002941176	0.002941176	0.002941176	0.002941176	0.002941176	0.002941177	0.002941176
0.306385455	0.002173913	0.051203276	0.002173913	0.002173913	0.002173913	0.103463186	0.246555739	0.002173913	0.002173913	0.002173913	0.002173913	0.002173913	0.002173913	0.002173913	0.158618035	0.002173913	0.103339527	0.002173913	0.002173913
0.002631579	0.002631579	0.002631579	0.168835125	0.002631579	0.002631579	0.002631579	0.520002189	0.002631579	0.06188554	0.002631579	0.002631579	0.207171883	0.002631579	0.002631579	0.002631579	0.002631579	0.002631579	0.002631579	0.002631579
0.0025	0.0025	0.0025	0.0025	0.0025	0.056338603	0.198906141	0.487478889	0.0025	0.0025	0.0025	0.0025	0.217276367	0.0025	0.0025	0.0025	0.0025	0.0025	0.0025	0.0025
0.001282051	0.094686837	0.097753041	0.001282051	0.001282051	0.05333995	0.035718465	0.001282051	0.001282051	0.001282051	0.001282051	0.001282051	0.028889305	0.521067165	0.029107585	0.096841059	0.001282051	0.001282051	0.028494028	0.001282051
0.002	0.002	0.221312205	0.002	0.002	0.002	0.221927115	0.08791086	0.002	0.002	0.002	0.177793666	0.135266869	0.07475446	0.002	0.002	0.002	0.055034825	0.002	0.002
0.211748718	0.002272727	0.002272727	0.057362932	0.002272727	0.002272727	0.002272727	0.16078897	0.002272727	0.149324482	0.002272727	0.002272727	0.153792714	0.235164002	0.002272727	0.002272727	0.002272727	0.002272727	0.002272727	0.002272727
0.040172852	0.001724138	0.101283515	0.298904537	0.001724138	0.001724138	0.255976001	0.001724138	0.001724138	0.001724138	0.040670675	0.001724138	0.080872924	0.001724138	0.001724138	0.001724138	0.001724138	0.040949915	0.001724138	0.120479926
0.089773476	0.046706521	0.189750252	0.170270602	0.001111111	0.001111111	0.001111111	0.295137907	0.001111111	0.001111111	0.001111111	0.001111111	0.04375824	0.001111111	0.088809045	0.001111111	0.062460624	0.001111111	0.001111111	0.001111111
0.001515152	0.047041794	0.080480069	0.280790789	0.001515152	0.001515152	0.001515152	0.19592061	0.001515152	0.001515152	0.044118916	0.001515152	0.001515152	0.001515152	0.001515152	0.26094147	0.001515152	0.071009383	0.001515152	0.001515152
0.001666667	0.043496307	0.250718134	0.08029092	0.001666667	0.001666667	0.001666667	0.001666667	0.001666667	0.001666667	0.001666667	0.062377979	0.001666667	0.037100473	0.001666667	0.223973835	0.280375685	0.001666667	0.001666667	0.001666667
0.180654948	0.002083333	0.114529763	0.139213737	0.084800928	0.002083333	0.002083333	0.055610525	0.002083333	0.002083333	0.002083333	0.151364749	0.064126024	0.002083333	0.002083333	0.06154337	0.002083333	0.002083333	0.068979265	0.058343357
0.000847458	0.117254768	0.068367124	0.019664502	0.000847458	0.000847458	0.095100352	0.000847458	0.073397588	0.000847458	0.000847458	0.000847458	0.000847458	0.157370322	0.000847458	0.179063088	0.050508099	0.102312943	0.085054643	0.044279451
0.046816858	0.002083333	0.002083333	0.09324883	0.002083333	0.002083333	0.11320907	0.095731577	0.002083333	0.002083333	0.002083333	0.039763498	0.002083333	0.002083333	0.002083333	0.318582344	0.0553875	0.11223361	0.002083333	0.102110047
0.001282051	0.001282051	0.216522274	0.040535451	0.001282051	0.001282051	0.116625139	0.085724113	0.001282051	0.001282051	0.030333839	0.001282051	0.21539602	0.028655365	0.001282051	0.001282051	0.063806799	0.001282051	0.129267565	0.060312923
0.031653751	0.001219512	0.05084181	0.026350781	0.001219512	0.026551259	0.001219512	0.18662892	0.001219512	0.051895721	0.001219512	0.001219512	0.351315148	0.001219512	0.027680006	0.001219512	0.110978474	0.077283541	0.047844978	0.001219512
0.057295681	0.002	0.160010284	0.04357592	0.002	0.051947028	0.39513639	0.002	0.002	0.002	0.002	0.002	0.139446759	0.080843538	0.002	0.002	0.002	0.002	0.002	0.047744399
0.001428571	0.146505427	0.001428571	0.030439903	0.001428571	0.062626128	0.001428571	0.077081049	0.001428571	0.071073793	0.030616133	0.001428571	0.001428571	0.001428571	0.001428571	0.07339627	0.111802563	0.240487335	0.141685684	0.001428571
0.001724138	0.001724138	0.001724138	0.039394009	0.001724138	0.001724138	0.001724138	0.001724138	0.107937766	0.671887257	0.001724138	0.111976894	0.001724138	0.001724138	0.001724138	0.001724138	0.001724138	0.001724138	0.001724138	0.042942005
0.001515152	0.001515152	0.001515152	0.001515152	0.001515152	0.001515152	0.205229594	0.078919603	0.001515152	0.033811397	0.034154572	0.081369074	0.418533076	0.001515152	0.001515152	0.06738096	0.001515152	0.062419907	0.001515152	0.001515152
0.049756066	0.002083333	0.002083333	0.135771042	0.002083333	0.002083333	0.160967548	0.165145878	0.097733447	0.002083333	0.002083333	0.051547548	0.121783697	0.002083333	0.002083333	0.192294774	0.002083333	0.002083333	0.002083333	0.002083333
0.107093606	0.001428571	0.084938854	0.001428571	0.001428571	0.001428571	0.001428571	0.034238935	0.001428571	0.001428571	0.001428571	0.55592848	0.001428571	0.08937666	0.001428571	0.001428571	0.001428571	0.001428571	0.108423465	0.001428571
0.066282277	0.001162791	0.001162791	0.076212988	0.001162791	0.001162791	0.001162791	0.037652356	0.048819511	0.084065836	0.001162791	0.001162791	0.001162791	0.001162791	0.052818251	0.0269208	0.510848997	0.026160625	0.001162791	0.058590454
0.001666667	0.001666667	0.001666667	0.001666667	0.038770798	0.001666667	0.2625304	0.210647299	0.001666667	0.001666667	0.001666667	0.001666667	0.001666667	0.001666667	0.038183069	0.001666667	0.128057237	0.039112967	0.099449393	0.163248837
